Accuracy: 0.6026504453617206
Precision: 0.6467302004600723
Recall: 0.7229977957384276
F1 Score: 0.6827406764960972
MCC Score: 0.15733253582963816
